ClassEntroyChange:0.497862392650572
MetricEntroyChange:0.560014796484539
ThematicEntroyChange:0.508966247312807
MixEntroyChange:0.538551039011311
LocalClassEntroyChange:
0.163053336703303
-0.167422989055372
0.280822617844991
0.216595789595278
-0.0104634495774629
0.00192214554328443
0.226147787795744
0.123243207970473
-0.0599764180855067
3.72881131139865
6.46203122809915
0.500711736472698
0.0659093226637162
0.459090072841222
0.593915129856023
0.532567617475361
0.363245816652144
-0.162229347935499
0.163053336703303
LocalMetricEntroyChange:
0.588761256803522
0.326650180030249
0.508980534584073
0.266087880620773
0.0918640362442194
0.139851232651653
0.151659214263297
0.031717945965656
0.421707008982884
3.50298964180944
5.61800953840159
1.45262387531291
-0.00224668811865339
0.510902196726515
0.679631705533271
0.600805969336911
0.366682641807665
-0.182013532082311
0.0893152176713018
LocalThematicEntroyChange:
0.0695993223372616
-0.156355853244208
0.232045958271501
0.229909989657542
-0.0414223278867401
-0.0373833746151445
0.250092932480566
0.109332764000099
-0.0354691159612192
3.89280930179473
6.82436411913078
0.44581445820381
0.0477266885098218
0.414207983322319
0.544852085198419
0.501232311062513
0.374764509210355
-0.110512554102605
0.226087233441857
LocalMixEntroyChange:
0.345785808034607
-0.0582337137737094
0.386160882671457
0.251487289730611
0.00962721047352675
0.0337097399523412
0.205483772128532
0.0806728093957596
0.160161393828392
3.78332514345038
6.34779925426981
0.946624283958659
0.0311813322884024
0.488423411999432
0.643113676951676
0.575970465317048
0.381188496080697
-0.180548261609949
0.150855100013597
ClassEntroy:
1
1.10785293265639
1
1
1.10565686798632
1.10565686798632
1
1
1.05414336632082
1.25328608622138
1.34794715927756
1.10565686798632
1
1
1
1
1
1.10785293265639
1
MetricEntroy:
1
1.05201189522996
1
1
1.23205810250869
1.23205810250869
1
1
1.19652222690368
1.41877126083926
1.54193079830504
1.30194364957104
1
1
1
1
1
1.23863955094301
1
ThematicEntroy:
1
1.07878516094784
1
1
1.05412875101915
1.05412875101915
1
1
1.03546549675597
1.16300185453341
1.2281061834169
1.06274569779928
1
1
1
1
1
1.05412875101915
1
MixEntroy:
1
1.07947351274504
1
1
1.12296599155616
1.12296599155616
1
1
1.08938587666974
1.26681794593156
1.35820586064154
1.14737843438692
1
1
1
1
1
1.12559924548748
1
